1. 1,3,6,2,5,0
2. Deepak
3. a,e
4. 3-4 = 0 1 2 4 4 5 6 7 8 9
   4-9 = 0 1 2 9 9 5 6 7 8 9 
   8-0 = 0 1 2 9 9 5 6 7 0 9
   2-3 = 0 1 9 9 9 5 6 7 0 9
   5-6 = 0 1 9 9 9 6 6 7 0 9
   5-9 = 0 1 9 9 9 9 9 7 0 9
   7-3 = 0 1 9 9 9 9 9 9 0 9
   4-8 = 0 1 0 0 0 0 0 0 0 9
   6,1 = 1 1 1 1 1 1 1 1 1 9
5. 1,2,3
6. nlogn
7. n
8. 1
9. logn^2
10. 3-4 = 0 1 2 4 4 5 6 7 8 9
    4-9 = 0 1 2 9 9 5 6 7 8 9 
    8-0 = 0 1 2 9 9 5 6 7 0 9
    2-3 = 0 1 9 9 9 5 6 7 0 9
    5-6 = 0 1 9 9 9 6 6 7 0 9
    5-9 = 0 1 9 9 9 9 9 7 0 9
    7-3 = 0 1 9 9 9 9 9 9 0 9
    4-8 = 0 1 0 0 0 0 0 0 0 9
    6,1 = 1 1 1 1 1 1 1 1 1 9